MOLINFO MOLTYPE=protein STRUCTURE=fold1_gold.pdb
chain4:   CENTER ATOMS=3832,3834,3837,3839,3841,3844,3846,3848,3866,3868,3870,3882,3884,3886,3899,3901,3903,3918,3920,3922,3937,3939,3941,3951,3953,3955,3973
chain3:   CENTER ATOMS=3367,3369,3372,3374,3376,3379,3381,3383,3401,3403,3405,3417,3419,3421,3434,3436,3438,3453,3455,3457,3472,3474,3476,3486,3488,3490,3508
chain2:   CENTER ATOMS=3522,3524,3527,3529,3531,3534,3536,3538,3556,3558,3560,3572,3574,3576,3589,3591,3593,3608,3610,3612,3627,3629,3631,3641,3643,3645,3663
chain1:   CENTER ATOMS=3677,3679,3682,3684,3686,3689,3691,3693,3711,3713,3715,3727,3729,3731,3744,3746,3748,3763,3765,3767,3782,3784,3786,3796,3798,3800,3818
d3: DISTANCE ATOMS=chain4,chain3
d2: DISTANCE ATOMS=chain3,chain2
d1: DISTANCE ATOMS=chain2,chain1
PRINT ARG=d1,d2,d3 STRIDE=1 FILE=COLVAR_dis_int_chain.dat

